<<<<<<<<<<<<<<<<<<<<<    Forward step 1    >>>>>>>>>>>>>>>>>>>>>
1,00,1,75,3,50,6,75;0,00;13,00
0,00,1,50,1,00,-6,50;0,00;-4,00
0,00,2,75,4,50,-6,25;0,00;1,00
0,00,0,25,-0,50,-2,75;0,00;-3,00

Decomposed matrix
0,25, 0,00, 0,00, 0,00
-0,50, 1,00, 0,00, 0,00
-0,75, 0,00, 1,00, 0,00
-0,25, 0,00, 0,00, 1,00

Transformation matrix
0,25, 0,00, 0,00, 0,00
-0,50, 1,00, 0,00, 0,00
-0,75, 0,00, 1,00, 0,00
-0,25, 0,00, 0,00, 1,00

Inverse matrix
0,00, 0,00, 0,00, 0,25
0,00, 1,00, 0,00, -0,50
0,00, 0,00, 1,00, -0,75
1,00, 0,00, 0,00, -0,25

<<<<<<<<<<<<<<<<<<<<<    Forward step 2    >>>>>>>>>>>>>>>>>>>>>
1,00,1,75,3,50,6,75;0,00;13,00
0,00,1,00,1,64,-2,27;0,00;0,36
0,00,0,00,-1,45,-3,09;0,00;-4,55
0,00,0,00,-0,91,-2,18;0,00;-3,09

Decomposed matrix
0,25, 0,00, 0,00, 0,00
-0,50, 0,36, 0,00, 0,00
-0,75, -0,55, 1,00, 0,00
-0,25, -0,09, 0,00, 1,00

Transformation matrix
1,00, 0,00, 0,00, 0,00
0,00, 0,36, 0,00, 0,00
0,00, -0,55, 1,00, 0,00
0,00, -0,09, 0,00, 1,00

Inverse matrix
0,00, 0,00, 0,00, 0,25
0,00, 0,00, 0,36, -0,27
0,00, 1,00, -0,55, -0,09
1,00, 0,00, -0,09, -0,18

<<<<<<<<<<<<<<<<<<<<<    Forward step 3    >>>>>>>>>>>>>>>>>>>>>
1,00,1,75,3,50,6,75;0,00;13,00
0,00,1,00,1,64,-2,27;0,00;0,36
0,00,0,00,1,00,2,40;0,00;3,40
0,00,0,00,0,00,0,40;0,00;0,40

Decomposed matrix
0,25, 0,00, 0,00, 0,00
-0,50, 0,36, 0,00, 0,00
-0,75, -0,55, -1,10, 0,00
-0,25, -0,09, -1,60, 1,00

Transformation matrix
1,00, 0,00, 0,00, 0,00
0,00, 1,00, 0,00, 0,00
0,00, 0,00, -1,10, 0,00
0,00, 0,00, -1,60, 1,00

Inverse matrix
0,00, 0,00, 0,00, 0,25
0,00, 0,00, 0,36, -0,27
-1,10, 0,00, 0,10, 0,20
-1,60, 1,00, -0,40, 0,20

<<<<<<<<<<<<<<<<<<<<<    Forward step 4    >>>>>>>>>>>>>>>>>>>>>
1,00,1,75,3,50,6,75;0,00;13,00
0,00,1,00,1,64,-2,27;0,00;0,36
0,00,0,00,1,00,2,40;0,00;3,40
0,00,0,00,0,00,1,00;0,00;1,00

Decomposed matrix
0,25, 0,00, 0,00, 0,00
-0,50, 0,36, 0,00, 0,00
-0,75, -0,55, -1,10, 0,00
-0,25, -0,09, -1,60, 2,50

Transformation matrix
1,00, 0,00, 0,00, 0,00
0,00, 1,00, 0,00, 0,00
0,00, 0,00, 1,00, 0,00
0,00, 0,00, 0,00, 2,50

Inverse matrix
0,00, 0,00, 0,00, 0,25
0,00, 0,00, 0,36, -0,27
-1,10, 0,00, 0,10, 0,20
-4,00, 2,50, -1,00, 0,50

<<<<<<<<<<<<<<<<<<<<<    Backward step 1    >>>>>>>>>>>>>>>>>>>>>
1,00,1,75,3,50,0,00;0,00;6,25
0,00,1,00,1,64,0,00;0,00;2,64
0,00,0,00,1,00,0,00;0,00;1,00
0,00,0,00,0,00,1,00;0,00;1,00

Transformation matrix
1,00, 0,00, 0,00, -6,75
0,00, 1,00, 0,00, 2,27
0,00, 0,00, 1,00, -2,40
0,00, 0,00, 0,00, 1,00

Inverse matrix
27,00, -16,88, 6,75, -3,13
-9,09, 5,68, -1,91, 0,86
8,50, -6,00, 2,50, -1,00
-4,00, 2,50, -1,00, 0,50

<<<<<<<<<<<<<<<<<<<<<    Backward step 2    >>>>>>>>>>>>>>>>>>>>>
1,00,1,75,0,00,0,00;0,00;2,75
0,00,1,00,0,00,0,00;0,00;1,00
0,00,0,00,1,00,0,00;0,00;1,00
0,00,0,00,0,00,1,00;0,00;1,00

Transformation matrix
1,00, 0,00, -3,50, 0,00
0,00, 1,00, -1,64, 0,00
0,00, 0,00, 1,00, 0,00
0,00, 0,00, 0,00, 1,00

Inverse matrix
-2,75, 4,13, -2,00, 0,38
-23,00, 15,50, -6,00, 2,50
8,50, -6,00, 2,50, -1,00
-4,00, 2,50, -1,00, 0,50

<<<<<<<<<<<<<<<<<<<<<    Backward step 3    >>>>>>>>>>>>>>>>>>>>>
1,00,0,00,0,00,0,00;0,00;1,00
0,00,1,00,0,00,0,00;0,00;1,00
0,00,0,00,1,00,0,00;0,00;1,00
0,00,0,00,0,00,1,00;0,00;1,00

Transformation matrix
1,00, -1,75, 0,00, 0,00
0,00, 1,00, 0,00, 0,00
0,00, 0,00, 1,00, 0,00
0,00, 0,00, 0,00, 1,00

Inverse matrix
37,50, -23,00, 8,50, -4,00
-23,00, 15,50, -6,00, 2,50
8,50, -6,00, 2,50, -1,00
-4,00, 2,50, -1,00, 0,50

<<<<<<<<<<<<<<<<<<<<<    Backward step 4    >>>>>>>>>>>>>>>>>>>>>
1,00,0,00,0,00,0,00;0,00;1,00
0,00,1,00,0,00,0,00;0,00;1,00
0,00,0,00,1,00,0,00;0,00;1,00
0,00,0,00,0,00,1,00;0,00;1,00

Transformation matrix
1,00, 0,00, 0,00, 0,00
0,00, 1,00, 0,00, 0,00
0,00, 0,00, 1,00, 0,00
0,00, 0,00, 0,00, 1,00

Inverse matrix
37,50, -23,00, 8,50, -4,00
-23,00, 15,50, -6,00, 2,50
8,50, -6,00, 2,50, -1,00
-4,00, 2,50, -1,00, 0,50

<<<<<<<<<<<<<<<<<<<<<    Results    >>>>>>>>>>>>>>>>>>>>>
Decomposed matrix: 0,25, 1,75, 3,50, 6,75
-0,50, 0,36, 1,64, -2,27
-0,75, -0,55, -1,10, 2,40
-0,25, -0,09, -1,60, 2,50

Inverse matrix
37,50, -23,00, 8,50, -4,00
-23,00, 15,50, -6,00, 2,50
8,50, -6,00, 2,50, -1,00
-4,00, 2,50, -1,00, 0,50

Solution: 
1,00,0,00,0,00,0,00;1,00;1,00
0,00,1,00,0,00,0,00;1,00;1,00
0,00,0,00,1,00,0,00;1,00;1,00
0,00,0,00,0,00,1,00;1,00;1,00
