<<<<<<<<<<<<<<<<<<<<<    Forward step 1    >>>>>>>>>>>>>>>>>>>>>
1,00,2,00,3,00,4,00;0,00;10,00
0,00,1,00,2,00,-1,00;0,00;2,00
0,00,2,00,6,00,2,00;0,00;10,00
0,00,-1,00,2,00,11,00;0,00;12,00

Decomposed matrix
1,00, 0,00, 0,00, 0,00
-2,00, 1,00, 0,00, 0,00
-3,00, 0,00, 1,00, 0,00
-4,00, 0,00, 0,00, 1,00

Transformation matrix
1,00, 0,00, 0,00, 0,00
-2,00, 1,00, 0,00, 0,00
-3,00, 0,00, 1,00, 0,00
-4,00, 0,00, 0,00, 1,00

Inverse matrix
1,00, 0,00, 0,00, 0,00
-2,00, 1,00, 0,00, 0,00
-3,00, 0,00, 1,00, 0,00
-4,00, 0,00, 0,00, 1,00

<<<<<<<<<<<<<<<<<<<<<    Forward step 2    >>>>>>>>>>>>>>>>>>>>>
1,00,2,00,3,00,4,00;0,00;10,00
0,00,1,00,2,00,-1,00;0,00;2,00
0,00,0,00,2,00,4,00;0,00;6,00
0,00,0,00,4,00,10,00;0,00;14,00

Decomposed matrix
1,00, 0,00, 0,00, 0,00
-2,00, 1,00, 0,00, 0,00
-3,00, -2,00, 1,00, 0,00
-4,00, 1,00, 0,00, 1,00

Transformation matrix
1,00, 0,00, 0,00, 0,00
0,00, 1,00, 0,00, 0,00
0,00, -2,00, 1,00, 0,00
0,00, 1,00, 0,00, 1,00

Inverse matrix
1,00, 0,00, 0,00, 0,00
-2,00, 1,00, 0,00, 0,00
1,00, -2,00, 1,00, 0,00
-6,00, 1,00, 0,00, 1,00

<<<<<<<<<<<<<<<<<<<<<    Forward step 3    >>>>>>>>>>>>>>>>>>>>>
1,00,2,00,3,00,4,00;0,00;10,00
0,00,1,00,2,00,-1,00;0,00;2,00
0,00,0,00,1,00,2,00;0,00;3,00
0,00,0,00,0,00,2,00;0,00;2,00

Decomposed matrix
1,00, 0,00, 0,00, 0,00
-2,00, 1,00, 0,00, 0,00
-3,00, -2,00, 0,50, 0,00
-4,00, 1,00, -2,00, 1,00

Transformation matrix
1,00, 0,00, 0,00, 0,00
0,00, 1,00, 0,00, 0,00
0,00, 0,00, 0,50, 0,00
0,00, 0,00, -2,00, 1,00

Inverse matrix
1,00, 0,00, 0,00, 0,00
-2,00, 1,00, 0,00, 0,00
0,50, -1,00, 0,50, 0,00
-8,00, 5,00, -2,00, 1,00

<<<<<<<<<<<<<<<<<<<<<    Forward step 4    >>>>>>>>>>>>>>>>>>>>>
1,00,2,00,3,00,4,00;0,00;10,00
0,00,1,00,2,00,-1,00;0,00;2,00
0,00,0,00,1,00,2,00;0,00;3,00
0,00,0,00,0,00,1,00;0,00;1,00

Decomposed matrix
1,00, 0,00, 0,00, 0,00
-2,00, 1,00, 0,00, 0,00
-3,00, -2,00, 0,50, 0,00
-4,00, 1,00, -2,00, 0,50

Transformation matrix
1,00, 0,00, 0,00, 0,00
0,00, 1,00, 0,00, 0,00
0,00, 0,00, 1,00, 0,00
0,00, 0,00, 0,00, 0,50

Inverse matrix
1,00, 0,00, 0,00, 0,00
-2,00, 1,00, 0,00, 0,00
0,50, -1,00, 0,50, 0,00
-4,00, 2,50, -1,00, 0,50

<<<<<<<<<<<<<<<<<<<<<    Backward step 1    >>>>>>>>>>>>>>>>>>>>>
1,00,2,00,3,00,0,00;0,00;6,00
0,00,1,00,2,00,0,00;0,00;3,00
0,00,0,00,1,00,0,00;0,00;1,00
0,00,0,00,0,00,1,00;0,00;1,00

Transformation matrix
1,00, 0,00, 0,00, -4,00
0,00, 1,00, 0,00, 1,00
0,00, 0,00, 1,00, -2,00
0,00, 0,00, 0,00, 1,00

Inverse matrix
17,00, -10,00, 4,00, -2,00
-6,00, 3,50, -1,00, 0,50
8,50, -6,00, 2,50, -1,00
-4,00, 2,50, -1,00, 0,50

<<<<<<<<<<<<<<<<<<<<<    Backward step 2    >>>>>>>>>>>>>>>>>>>>>
1,00,2,00,0,00,0,00;0,00;3,00
0,00,1,00,0,00,0,00;0,00;1,00
0,00,0,00,1,00,0,00;0,00;1,00
0,00,0,00,0,00,1,00;0,00;1,00

Transformation matrix
1,00, 0,00, -3,00, 0,00
0,00, 1,00, -2,00, 0,00
0,00, 0,00, 1,00, 0,00
0,00, 0,00, 0,00, 1,00

Inverse matrix
-8,50, 8,00, -3,50, 1,00
-23,00, 15,50, -6,00, 2,50
8,50, -6,00, 2,50, -1,00
-4,00, 2,50, -1,00, 0,50

<<<<<<<<<<<<<<<<<<<<<    Backward step 3    >>>>>>>>>>>>>>>>>>>>>
1,00,0,00,0,00,0,00;0,00;1,00
0,00,1,00,0,00,0,00;0,00;1,00
0,00,0,00,1,00,0,00;0,00;1,00
0,00,0,00,0,00,1,00;0,00;1,00

Transformation matrix
1,00, -2,00, 0,00, 0,00
0,00, 1,00, 0,00, 0,00
0,00, 0,00, 1,00, 0,00
0,00, 0,00, 0,00, 1,00

Inverse matrix
37,50, -23,00, 8,50, -4,00
-23,00, 15,50, -6,00, 2,50
8,50, -6,00, 2,50, -1,00
-4,00, 2,50, -1,00, 0,50

<<<<<<<<<<<<<<<<<<<<<    Backward step 4    >>>>>>>>>>>>>>>>>>>>>
1,00,0,00,0,00,0,00;0,00;1,00
0,00,1,00,0,00,0,00;0,00;1,00
0,00,0,00,1,00,0,00;0,00;1,00
0,00,0,00,0,00,1,00;0,00;1,00

Transformation matrix
1,00, 0,00, 0,00, 0,00
0,00, 1,00, 0,00, 0,00
0,00, 0,00, 1,00, 0,00
0,00, 0,00, 0,00, 1,00

Inverse matrix
37,50, -23,00, 8,50, -4,00
-23,00, 15,50, -6,00, 2,50
8,50, -6,00, 2,50, -1,00
-4,00, 2,50, -1,00, 0,50

<<<<<<<<<<<<<<<<<<<<<    Results    >>>>>>>>>>>>>>>>>>>>>
Decomposed matrix: 1,00, 2,00, 3,00, 4,00
-2,00, 1,00, 2,00, -1,00
-3,00, -2,00, 0,50, 2,00
-4,00, 1,00, -2,00, 0,50

Inverse matrix
37,50, -23,00, 8,50, -4,00
-23,00, 15,50, -6,00, 2,50
8,50, -6,00, 2,50, -1,00
-4,00, 2,50, -1,00, 0,50

Solution: 
1,00,0,00,0,00,0,00;1,00;1,00
0,00,1,00,0,00,0,00;1,00;1,00
0,00,0,00,1,00,0,00;1,00;1,00
0,00,0,00,0,00,1,00;1,00;1,00
Inverse matrix
37,50, -23,00, 8,50, -4,00
-23,00, 15,50, -6,00, 2,50
8,50, -6,00, 2,50, -1,00
-4,00, 2,50, -1,00, 0,50

