<<<<<<<<<<<<<<<<<<<<<    Forward step 1    >>>>>>>>>>>>>>>>>>>>>
1,00,-0,67,-3,00;0,00;3,00
0,00,4,33,5,00;0,00;-8,00
0,00,-0,33,4,00;0,00;5,00

Decomposed matrix
0,33, 0,00, 0,00
-0,67, 1,00, 0,00
-0,33, 0,00, 1,00

Transformation matrix
0,33, 0,00, 0,00
-0,67, 1,00, 0,00
-0,33, 0,00, 1,00

Inverse matrix
0,00, 0,00, 0,33
0,00, 1,00, -0,67
1,00, 0,00, -0,33

<<<<<<<<<<<<<<<<<<<<<    Forward step 2    >>>>>>>>>>>>>>>>>>>>>
1,00,-0,67,-3,00;0,00;3,00
0,00,1,00,1,15;0,00;-1,85
0,00,0,00,4,38;0,00;4,38

Decomposed matrix
0,33, 0,00, 0,00
-0,67, 0,23, 0,00
-0,33, 0,08, 1,00

Transformation matrix
1,00, 0,00, 0,00
0,00, 0,23, 0,00
0,00, 0,08, 1,00

Inverse matrix
0,00, 0,00, 0,33
0,00, 0,23, -0,15
1,00, 0,08, -0,38

<<<<<<<<<<<<<<<<<<<<<    Forward step 3    >>>>>>>>>>>>>>>>>>>>>
1,00,-0,67,-3,00;0,00;3,00
0,00,1,00,1,15;0,00;-1,85
0,00,0,00,1,00;0,00;1,00

Decomposed matrix
0,33, 0,00, 0,00
-0,67, 0,23, 0,00
-0,33, 0,08, 0,23

Transformation matrix
1,00, 0,00, 0,00
0,00, 1,00, 0,00
0,00, 0,00, 0,23

Inverse matrix
0,00, 0,00, 0,33
0,00, 0,23, -0,15
0,23, 0,02, -0,09

<<<<<<<<<<<<<<<<<<<<<    Backward step 1    >>>>>>>>>>>>>>>>>>>>>
1,00,-0,67,0,00;0,00;6,00
0,00,1,00,0,00;0,00;-3,00
0,00,0,00,1,00;0,00;1,00

Transformation matrix
1,00, 0,00, 3,00
0,00, 1,00, -1,15
0,00, 0,00, 1,00

Inverse matrix
0,68, 0,05, 0,07
-0,26, 0,21, -0,05
0,23, 0,02, -0,09

<<<<<<<<<<<<<<<<<<<<<    Backward step 2    >>>>>>>>>>>>>>>>>>>>>
1,00,0,00,0,00;0,00;4,00
0,00,1,00,0,00;0,00;-3,00
0,00,0,00,1,00;0,00;1,00

Transformation matrix
1,00, 0,67, 0,00
0,00, 1,00, 0,00
0,00, 0,00, 1,00

Inverse matrix
0,51, 0,19, 0,04
-0,26, 0,21, -0,05
0,23, 0,02, -0,09

<<<<<<<<<<<<<<<<<<<<<    Backward step 3    >>>>>>>>>>>>>>>>>>>>>
1,00,0,00,0,00;0,00;4,00
0,00,1,00,0,00;0,00;-3,00
0,00,0,00,1,00;0,00;1,00

Transformation matrix
1,00, 0,00, 0,00
0,00, 1,00, 0,00
0,00, 0,00, 1,00

Inverse matrix
0,51, 0,19, 0,04
-0,26, 0,21, -0,05
0,23, 0,02, -0,09

<<<<<<<<<<<<<<<<<<<<<    Results    >>>>>>>>>>>>>>>>>>>>>
Decomposed matrix: 0,33, -0,67, -3,00
-0,67, 0,23, 1,15
-0,33, 0,08, 0,23

Inverse matrix
0,51, 0,19, 0,04
-0,26, 0,21, -0,05
0,23, 0,02, -0,09

Solution: 
1,00,0,00,0,00;4,00;4,00
0,00,1,00,0,00;-3,00;-3,00
0,00,0,00,1,00;1,00;1,00
